99769
99767
99766
99765
97078
97064
96849
96846
96844
97031
96921
95897
95908
95907
95905
95904
95887
95886
95195
95270
94816
94813
94807
95281
94383
93546
93542
92829
92362
92370
92365
91847
91845
90980
90064
90063
90991
90989
90987
90384
90383
90159
89407
89901
89199
89404
89402
89655
89654
89197
89196
88910
87977
87971
87968
87965
87958
87955
87708
87981
87374
87041
86465
85687
85650
85649
84763
84762
84487
84442
83566
84165
83599
83602
83597
83568
83375
82282
82266
82265
82264
82263
81967
80675
79432
79204
76740
76736
76727
76730
76861
76738
76737
76732
76725
76724
76462
76146
75753
75797
75796
75757
75754
75794
75251
75248
74813
74655
74641
74007
74004
74003
72424
71870
71744
71599
71591
70495
70692
70514
70497
70494
69931
69134
69133
69143
69139
69135
69132
69129
68845
68853
68852
68499
68088
66683
66682
66352
66575
66557
66023
65124
64453
63710
63458
62850
62753
62752
62049
59889
59888
59334
59295
58979
49670
